12
20
15
11
2
15
5
16
5
5
19
15
20
20
20
18
7
5
7
20
5
2
12
15
5
7
16
18
4
5
2
2
5
19
5
4
7
15
5
7
15
15
15
5
14
2
7
2
2
7
14
12
2
2
5
5
15
5
19
6
12
7
2
15
16
2
15
2
5
7
18
7
14
12
2
20
7
19
15
4
4
2
2
15
15
5
19
5
12
15
5
4
16
15
4
2
7
7
7
2
2
20
4
7
2
15
2
15
19
10
12
12
16
15
7
7
2
15
7
2
2
4
18
5
19
20
12
5
14
2
19
7
2
5
20
2
5
6
5
19
14
12
2
11
7
19
8
4
7
5
19
11
7
20
4
15
11
14
7
19
7
6
5
2
5
7
2
7
5
4
19
11
12
12
19
16
16
7
2
5
5
2
16
4
7
7
11
11
2
5
10
7
15
4
20
5
15
15
19
11
7
19
4
16
7
7
12
5
5
15
5
16
5
15
11
2
10
16
14
4
20
15
2
18
7
8
11
12
18
14
5
16
15
7
5
5
17
18
20
15
16
18
4
10
5
5
12
2
2
7
2
12
2
19
18
2
5
6
7
5
7
6
7
20
12
8
7
7
15
19
7
4
7
5
18
19
2
19
5
19
5
6
2
7
18
18
11
5
17
7
7
14
5
15
5
15
20
7
2
15
15
10
12
7
7
2
11
5
5
2
2
7
2
2
16
10
15
2
5
17
17
16
4
5
20
20
18
19
20
2
4
15
7
7
19
12
4
16
12
7
14
5
5
15
7
2
2
19
7
15
15
4
15
5
15
11
11
2
4
17
15
5
5
5
15
20
4
12
12
20
19
7
7
7
19
5
6
6
7
17
2
7
19
7
2
20
6
12
7
6
5
6
5
5
5
20
5
5
11
5
7
4
16
5
2
20
18
16
5
7
15
16
5
5
5
5
20
8
4
2
12
11
5
19
7
2
7
4
7
5
15
5
17
4
2
4
2
2
12
15
5
2
7
5
7
6
18
7
7
7
2
20
12
2
2
16
5
10
6
15
7
10
17
12
7
18
7
4
20
16
11
15
15
4
5
6
4
14
18
7
4
6
7
11
7
12
15
4
20
11
11
5
5
19
20
16
14
17
2
18
19
5
7
11
16
18
19
15
18
20
5
5
19
15
20
5
7
20
2
7
5
7
5
7
2
15
11
11
5
2
5
5
17
14
4
16
11
15
20
5
11
14
15
15
14
19
19
5
5
15
17
4
15
7
15
7
2
2
20
6
11
20
2
12
5
5
15
7
4
7
7
5
2
11
8
11
20
7
16
5
2
5
12
12
5
15
5
18
2
5
5
7
16
15
4
12
7
11
15
16
7
20
7
2
5
16
19
7
5
19
19
4
7
16
7
2
2
7
2
5
2
2
7
15
19
7
7
6
4
16
20
20
2
11
15
11
20
17
4
7
18
2
15
7
7
14
10
14
17
20
15
7
5
15
18
18
11
15
16
7
5
11
15
16
2
7
8
12
6
7
5
5
7
18
5
2
5
5
4
11
7
11
6
5
8
15
12
7
7
15
2
2
15
19
2
12
5
17
20
4
12
16
7
19
15
16
15
4
15
12
4
16
7
15
11
15
7
11
12
7
12
12
6
5
19
7
12
7
6
5
18
2
20
14
19
5
16
20
2
12
15
7
7
11
16
5
5
16
7
